  .02  5.86513909E-06  .000111079123  .00010308142
  .03  1.97884756E-05  .000166618684  .00015462213
  .04  4.68850456E-05  .000222158246  .00020616284
  .05  9.15197035E-05  .000277697807  .00025770355
  .06  .000158034888  .000333237369  .00030924426
  .07  .000250745095  .00038877693  .00036078497
  .08  .000373931402  .000444316491  .00041232568
  .09  .00053183605  .000499856053  .00046386639
  .1  .000728657102  .000555395614  .0005154071
  .11  .000968543176  .000610935176  .00056694781
  .12  .00125558827  .000666474737  .00061848852
  .13  .00159382669  .000722014299  .00067002923
  .14  .00198722805  .00077755386  .00072156994
  .15  .00243969248  .000833093422  .00077311065
  .16  .00295504583  .000888632983  .00082465136
  .17  .00353703511  .000944172544  .00087619207
  .18  .00418932401  .000999712106  .00092773278
  .19  .0049154886  .00105525167  .00097927349
  .2  .00571901316  .00111079123  .0010308142
  .21  .0066032862  .00116633079  .00108235491
  .22  .0075715966  .00122187035  .00113389562
  .23  .00862712997  .00127740991  .00118543633
  .24  .00977296513  .00133294947  .00123697704
  .25  .0110120708  .00138848904  .00128851775
  .26  .0123473027  .0014440286  .00134005846
  .27  .0137814001  .00149956816  .00139159917
  .28  .0153169836  .00155510772  .00144313988
  .29  .0169565524  .00161064728  .00149468059
  .3  .0187024819  .00166618684  .0015462213
  .31  .0205570216  .0017217264  .00159776201
  .32  .0225222932  .00177726597  .00164930272
  .33  .0246002888  .00183280553  .00170084343
  .34  .0267928693  .00188834509  .00175238414
  .35  .0291017633  .00194388465  .00180392485
  .36  .0315285656  .00199942421  .00185546556
  .37  .0340747366  .00205496377  .00190700627
  .38  .0367416015  .00211050333  .00195854698
  .39  .0395303495  .0021660429  .00201008769
  .4  .042442034  .00222158246  .0020616284
  .41  .0454775719  .00227712202  .00211316911
  .42  .0486377439  .00233266158  .00216470982
  .43  .0519231949  .00238820114  .00221625053
  .44  .0553344342  .0024437407  .00226779124
  .45  .0588718361  .00249928026  .00231933195
  .46  .0625356408  .00255481983  .00237087266
  .47  .0663259555  .00261035939  .00242241337
  .48  .0702427552  .00266589895  .00247395408
  .49  .0742858842  .00272143851  .00252549479
  .5  .0784550576  .00277697807  .0025770355
  .51  .0827498628  .00283251763  .00262857621
  .52  .0871697613  .00288805719  .00268011692
  .53  .0917140905  .00294359676  .00273165763
  .54  .0963820662  .00299913632  .00278319834
  .55  .101172784  .00305467588  .00283473905
  .56  .106085222  .00311021544  .00288627976
  .57  .111118244  .003165755  .00293782047
  .58  .116270599  .00322129456  .00298936118
  .59  .12154093  .00327683412  .00304090189
  .6  .12692777  .00333237369  .0030924426
  .61  .132429546  .00338791325  .00314398331
  .62  .138044589  .00344345281  .00319552402
  .63  .143771126  .00349899237  .00324706473
  .64  .149607291  .00355453193  .00329860544
  .65  .155551126  .00361007149  .00335014615
  .66  .161600585  .00366561105  .00340168686
  .67  .167753532  .00372115062  .00345322757
  .68  .174007753  .00377669018  .00350476828
  .69  .180360952  .00383222974  .00355630899
  .7  .186810759  .0038877693  .0036078497
  .71  .19335473  .00394330886  .00365939041
  .72  .199990353  .00399884842  .00371093112
  .73  .20671505  .00405438798  .00376247183
  .74  .21352618  .00410992755  .00381401254
  .75  .220421046  .00416546711  .00386555325
  .76  .227396894  .00422100667  .00391709396
  .77  .234450917  .00427654623  .00396863467
  .78  .241580262  .00433208579  .00402017538
  .79  .248782031  .00438762535  .00407171609
  .8  .256053282  .00444316491  .0041232568
  .81  .263391038  .00449870448  .00417479751
  .82  .270792285  .00455424404  .00422633822
  .83  .27825398  .0046097836  .00427787893
  .84  .28577305  .00466532316  .00432941964
  .85  .293346398  .00472086272  .00438096035
  .86  .300970906  .00477640228  .00443250106
  .87  .308643435  .00483194184  .00448404177
  .88  .316360835  .00488748141  .00453558248
  .89  .32411994  .00494302097  .00458712319
  .9  .331917576  .00499856053  .0046386639
  .91  .339750564  .00505410009  .00469020461
  .92  .34761572  .00510963965  .00474174532
  .93  .355509861  .00516517921  .00479328603
  .94  .363429806  .00522071877  .00484482674
  .95  .371372377  .00527625834  .00489636745
  .96  .379334406  .0053317979  .00494790816
  .97  .387312734  .00538733746  .00499944887
  .98  .395304217  .00544287702  .00505098958
  .99  .403305722  .00549841658  .00510253029
  1.  .411314137  .00555395614  .005154071
  1.01  .41932637  .0056094957  .00520561171
  1.02  .427339348  .00566503527  .00525715242
  1.03  .435350024  .00572057483  .00530869313
  1.04  .443355378  .00577611439  .00536023384
  1.05  .451352418  .00583165395  .00541177455
  1.06  .459338181  .00588719351  .00546331526
  1.07  .467309736  .00594273307  .00551485597
  1.08  .475264188  .00599827264  .00556639668
  1.09  .483198676  .0060538122  .00561793739
  1.1  .491110375  .00610935176  .0056694781
  1.11  .4989965  .00616489132  .00572101881
  1.12  .506854307  .00622043088  .00577255952
  1.13  .514681092  .00627597044  .00582410023
  1.14  .522474194  .00633151  .00587564094
  1.15  .530230997  .00638704957  .00592718165
  1.16  .537948931  .00644258913  .00597872236
  1.17  .545625469  .00649812869  .00603026307
  1.18  .553258137  .00655366825  .00608180378
  1.19  .560844505  .00660920781  .00613334449
  1.2  .568382194  .00666474737  .0061848852
  1.21  .575868876  .00672028693  .00623642591
  1.22  .583302274  .0067758265  .00628796662
  1.23  .590680162  .00683136606  .00633950733
  1.24  .598000367  .00688690562  .00639104804
  1.25  .60526077  .00694244518  .00644258875
  1.26  .612459304  .00699798474  .00649412946
  1.27  .61959396  .0070535243  .00654567017
  1.28  .626662779  .00710906386  .00659721088
  1.29  .63366386  .00716460343  .00664875159
  1.3  .640595358  .00722014299  .0067002923
  1.31  .647455482  .00727568255  .00675183301
  1.32  .654242498  .00733122211  .00680337372
  1.33  .66095473  .00738676167  .00685491443
  1.34  .667590555  .00744230123  .00690645514
  1.35  .67414841  .00749784079  .00695799585
  1.36  .680626788  .00755338036  .00700953656
  1.37  .687024237  .00760891992  .00706107727
  1.38  .693339363  .00766445948  .00711261798
  1.39  .699570831  .00771999904  .00716415869
  1.4  .705717359  .0077755386  .0072156994
  1.41  .711777724  .00783107816  .00726724011
  1.42  .71775076  .00788661772  .00731878082
  1.43  .723635355  .00794215729  .00737032153
  1.44  .729430456  .00799769685  .00742186224
  1.45  .735135065  .00805323641  .00747340295
  1.46  .740748239  .00810877597  .00752494366
  1.47  .746269093  .00816431553  .00757648437
  1.48  .751696795  .00821985509  .00762802508
  1.49  .757030568  .00827539465  .00767956579
  1.5  .762269693  .00833093422  .0077311065
  1.51  .767413502  .00838647378  .00778264721
  1.52  .772461382  .00844201334  .00783418792
  1.53  .777412775  .0084975529  .00788572863
  1.54  .782267176  .00855309246  .00793726934
  1.55  .787024132  .00860863202  .00798881005
  1.56  .791683244  .00866417158  .00804035076
  1.57  .796244165  .00871971115  .00809189147
  1.58  .8007066  .00877525071  .00814343218
  1.59  .805070305  .00883079027  .00819497289
  1.6  .809335089  .00888632983  .0082465136
  1.61  .813500809  .00894186939  .00829805431
  1.62  .817567375  .00899740895  .00834959502
  1.63  .821534746  .00905294851  .00840113573
  1.64  .82540293  .00910848808  .00845267644
  1.65  .829171986  .00916402764  .00850421715
  1.66  .83284202  .0092195672  .00855575786
  1.67  .836413188  .00927510676  .00860729857
  1.68  .839885694  .00933064632  .00865883928
  1.69  .843259789  .00938618588  .00871037999
  1.7  .846535773  .00944172544  .0087619207
  1.71  .849713993  .00949726501  .00881346141
  1.72  .852794843  .00955280457  .00886500212
  1.73  .855778762  .00960834413  .00891654283
  1.74  .858666238  .00966388369  .00896808354
  1.75  .861457805  .00971942325  .00901962425
  1.76  .864154043  .00977496281  .00907116496
  1.77  .866755578  .00983050237  .00912270567
  1.78  .869263081  .00988604194  .00917424638
  1.79  .871677272  .0099415815  .00922578709
  1.8  .873998913  .00999712106  .0092773278
  1.81  .876228816  .0100526606  .00932886851
  1.82  .878367837  .0101082002  .00938040922
  1.83  .880416879  .0101637397  .00943194993
  1.84  .882376891  .0102192793  .00948349064
  1.85  .884248871  .0102748189  .00953503135
  1.86  .886033862  .0103303584  .00958657206
  1.87  .887732956  .010385898  .00963811277
  1.88  .889347295  .0104414375  .00968965348
  1.89  .890878069  .0104969771  .00974119419
  1.9  .892326518  .0105525167  .0097927349
  1.91  .893693933  .0106080562  .00984427561
  1.92  .894981661  .0106635958  .00989581632
  1.93  .896191098  .0107191354  .00994735703
  1.94  .897323699  .0107746749  .00999889774
  1.95  .898380977  .0108302145  .0100504385
  1.96  .899364503  .010885754  .0101019792
  1.97  .900275912  .0109412936  .0101535199
  1.98  .901116903  .0109968332  .0102050606
  1.99  .901889247  .0110523727  .0102566013
  2.  .902594786  .0111079123  .010308142
  2.01  .903235442  .0111634518  .0103596827
  2.02  .90381322  .0112189914  .0104112234
  2.03  .904330218  .011274531  .0104627641
  2.04  .904788632  .0113300705  .0105143048
  2.05  .90519077  .0113856101  .0105658456
  2.06  .905539063  .0114411497  .0106173863
  2.07  .905836081  .0114966892  .010668927
  2.08  .906084556  .0115522288  .0107204677
  2.09  .906287405  .0116077683  .0107720084
  2.1  .906447776  .0116633079  .0108235491
  2.11  .906569092  .0117188475  .0108750898
  2.12  .906655138  .011774387  .0109266305
  2.13  .906710194  .0118299266  .0109781712
  2.14  .906739279  .0118854661  .0110297119
  2.15  .906748749  .0119410057  .0110812526
